20 0
123456789 752880530 826085747 576968456 721429729 173957326 1031077599 407299684 67656429 96549194 1048156299 663035648 604085049 1017819398 325233271 942914780 664359365 770319362 52838563 720059384
472459921 662187582 163882767 987977812 394465693 464694202 95709627 223284720 771568361 970504310 294540455 704157900 851311221 633778290 368669651 421360872 776475713 720514990 534188863 579493444
927362125 111546922 112115435 704073952 429403801 629044198 794444503 614697148 933021477 807710946 921807619 607224280 297787889 55272734 301417327 851638324 541420285 787115162 734238747 1012197328
727027273 414901078 305231111 22777004 222869461 502474066 965338675 245261000 187929505 272813710 615528351 911484452 800263597 705608458 1032713547 108974784 335041017 367855302 700377911 948413596
51694725 627117506 662512995 370874296 595994961 316107774 1053618127 256174100 318919773 719453562 317249147 1036784048 545487273 951311926 535668071 298766476 278136117 299723314 818309267 597598376
400204545 491273582 425225215 651968004 937836301 829633514 15678379 986948768 708445529 636381606 149463959 337121404 93938149 873937570 463515587 996146584 160694449 51659486 798862383 497100788
1011994045 990994010 184296667 694979472 111080713 1002154262 320529863 898262124 976741013 301825810 881261299 752234120 777339489 150633550 791130207 995796452 511180909 843807946 313168395 950912640
930433209 24812678 925854711 193776732 1052936005 381630338 1043614243 45626232 92177 351922622 666990735 521123796 751556381 519081786 131433275 183391600 448790633 399131638 672216615 986073164
197939189 46883826 564370771 855444584 750481857 508660526 997590207 789011908 905990605 370120106 412612715 633682016 448928793 680107878 48972887 656267324 841497765 466682978 504362115 249280856
115761009 494952606 244339951 147363764 956854397 704090138 558690715 571043664 503225289 383233750 1059624583 599424044 183061845 482285778 955535283 852179528 891629857 1011182094 932931871 823813540
353841965 439844490 479162059 466745920 926449529 789803590 510930103 587412508 660767237 633643330 772517603 914526008 576382673 94349182 794968399 67356564 966760925 60711162 322596859 578148656
359843625 383510966 481887975 647954444 19323573 743480754 525406739 486062120 766148737 365828334 15719807 617332100 374645901 272316266 208205099 680266784 871396057 1024464166 539108631 796188668
705255269 722603554 83851587 73708824 444005937 172998238 965688751 771311476 187257661 660406746 1031143003 871076624 171213449 164557974 689604423 766235628 1008531477 301462162 496100467 373130760
6512609 836999118 415982047 559113572 407938541 496156746 972852107 229338624 1006761529 242714630 38612343 816503772 162839749 909200130 499340195 926558968 995272081 1015588158 7293455 400627540
238918813 615215802 601332923 841129200 157011433 900255606 816125863 387512268 224634229 36509554 546227923 928097256 459788097 729671342 612759103 837377348 1034106701 1001789738 455225835 15212512
1048906137 859949798 592266711 1054681020 435991077 630872034 388972035 29028568 352705777 21126174 995780207 116602676 661943805 520205210 775375643 752023248 604023113 878803542 598784007 891186092
177398485 90704978 958380339 216863176 818925217 831849870 762813087 365274404 753162413 941441546 162654283 737812928 781298937 258399686 91909687 641975196 846804869 734344386 874199139 178194104
1000907857 292872958 94933711 879208212 1063640925 232244346 678234491 666149040 792401065 871429430 378890343 234106764 222474293 941674802 471645075 398970792 917724673 119600238 553144063 2112772
279710221 876624618 58961579 748254112 54517849 450805926 254584471 655798140 784485605 254402978 459227843 748579992 122878897 974666206 514969391 225863412 44685501 1017488730 38852571 444570256
69406729 911163414 27994311 466764652 856362389 181364242 576572915 211410312 657096033 52015950 274731871 405873892 395463533 630653898 711951627 343807360 933733305 564228998 180088567 898493276
